,Captain America,Doctor Strange,Emma Frost,Groot,Hulk,Magneto,Peni Parker,The Thing,Thor,Venom,Black Panther,Black Widow,Hawkeye,Hela,Human Torch,Iron Fist,Iron Man,Magik,Mister Fantastic,Moon Knight,Namor,Psylocke,Scarlet Witch,Spider Man,Squirrel Girl,Star Lord,Storm,The Punisher,Winter Soldier,Wolverine,Adam Warlock,Cloak & Dagger,Invisible Woman,Jeff The Land Shark,Loki,Luna Snow,Mantis,Rocket Raccoon
Captain America,5346,6023,18288,2976,3518,9891,1470,7724,3827,3934,2366,965,2585,4969,2812,5449,2223,4989,5865,1589,3346,5884,3632,4541,1087,4557,1886,1762,5275,2348,2015,12268,13377,2076,8771,8941,2412,22174
Doctor Strange,6023,7402,24557,4247,5161,15039,2041,8843,5355,5163,3462,1249,4283,7663,4321,6573,3333,6796,7751,2792,4729,7589,6295,5826,1885,5938,2815,2704,7442,2812,2626,17163,19988,2590,12050,13006,3381,30417
Emma Frost,18288,24557,21776,12120,14666,49530,5389,26056,14520,15701,10871,3969,12823,24974,12866,21972,9838,19946,23788,8892,14231,29151,14777,18940,5307,20796,8526,8801,23835,8338,8801,50300,62340,8735,37909,44821,10772,98598
Groot,2976,4247,12120,3931,2130,7178,820,2750,2403,2590,1834,623,1923,3728,2242,3500,1927,3350,3537,2445,2047,4376,2329,3052,1298,3532,1652,2475,4491,2477,1387,8469,10689,1596,6583,8038,1751,16917
Hulk,3518,5161,14666,2130,4461,9064,948,4674,2899,2631,1656,698,2211,4333,2419,3536,2769,3217,4257,1641,6874,4716,2655,2776,982,3594,1443,1958,4373,1932,1551,9791,11840,1632,7194,8791,1923,18633
Magneto,9891,15039,49530,7178,9064,13216,3420,14349,8175,8428,5206,2611,8766,16443,8319,11835,6152,9809,12647,5125,8726,17341,8186,9782,2938,12670,5351,6325,13687,5096,5674,25997,36137,5018,22130,28105,6566,57298
Peni Parker,1470,2041,5389,820,948,3420,1657,1731,1252,1336,852,276,821,1562,765,1651,707,1438,1608,694,940,1632,1067,1579,444,1351,544,672,1731,716,604,3832,4184,581,2523,2895,748,6494
The Thing,7724,8843,26056,2750,4674,14349,1731,7482,5694,6876,4856,900,3122,6825,3378,8476,2642,8146,8249,2654,4158,7920,4753,7891,1750,5812,2230,2452,7208,3325,2437,16977,19953,2668,12020,13085,3203,31049
Thor,3827,5355,14520,2403,2899,8175,1252,5694,4334,3235,2082,655,2024,4243,2237,4269,1822,4123,4579,1578,2609,4283,3032,3824,1024,3401,1535,1500,4248,1945,1472,10136,11226,1543,6879,7328,1786,17628
Venom,3934,5163,15701,2590,2631,8428,1336,6876,3235,4680,1922,1004,2286,4240,2240,4608,1376,4199,5184,1209,3044,5138,3279,5935,809,4225,1300,1414,4747,2082,2191,10403,11660,1823,7616,7750,2427,19160
Black Panther,2366,3462,10871,1834,1656,5206,852,4856,2082,1922,3059,622,1569,2904,1296,2804,1165,3023,3369,1008,2083,3166,2244,2447,649,2582,980,886,3335,999,1435,7562,7532,1240,5210,4650,1557,11759
Black Widow,965,1249,3969,623,698,2611,276,900,655,1004,622,1143,757,1243,755,1015,460,919,1032,433,613,1497,592,1077,227,940,378,410,1005,288,474,2091,2848,404,1661,2245,696,4693
Hawkeye,2585,4283,12823,1923,2211,8766,821,3122,2024,2286,1569,757,3515,3871,1898,2734,1454,2696,3364,1524,2107,4286,2100,2420,907,2868,1225,1334,3355,1241,1372,6892,9272,1326,5451,6947,1711,14548
Hela,4969,7663,24974,3728,4333,16443,1562,6825,4243,4240,2904,1243,3871,6625,3647,5018,3065,4921,6328,2622,3870,7799,3909,4649,1552,5204,2444,2420,6374,2320,2518,13254,17741,2592,11422,13374,3212,27879
Human Torch,2812,4321,12866,2242,2419,8319,765,3378,2237,2240,1296,755,1898,3647,3622,3096,1846,2440,3435,854,2134,3873,2373,2659,548,3695,1865,2329,3049,1040,1599,7487,10284,1342,5018,7177,1688,15005
Iron Fist,5449,6573,21972,3500,3536,11835,1651,8476,4269,4608,2804,1015,2734,5018,3096,6082,2428,5470,6598,1975,3431,6886,4089,5333,1177,5053,2079,1875,6032,2110,2420,13403,15246,2506,9868,12364,2874,25311
Iron Man,2223,3333,9838,1927,2769,6152,707,2642,1822,1376,1165,460,1454,3065,1846,2428,2862,2293,2869,894,2309,3027,1914,1431,506,2653,1163,1651,2687,1056,1079,6295,7416,1070,4383,5260,1178,11561
Magik,4989,6796,19946,3350,3217,9809,1438,8146,4123,4199,3023,919,2696,4921,2440,5470,2293,5617,6580,1790,3270,5791,4097,5103,1303,4534,1801,1592,6101,2084,1940,13530,14830,2185,9008,8941,2424,23161
Mister Fantastic,5865,7751,23788,3537,4257,12647,1608,8249,4579,5184,3369,1032,3364,6328,3435,6598,2869,6580,6657,2558,3776,7520,4382,6234,1630,5584,2285,2501,6543,2607,2230,15138,17234,2451,10667,11667,2879,27386
Moon Knight,1589,2792,8892,2445,1641,5125,694,2654,1578,1209,1008,433,1524,2622,854,1975,894,1790,2558,2434,1646,2550,1591,1224,751,2067,752,1194,2567,958,832,5261,6345,785,4251,4307,1012,9721
Namor,3346,4729,14231,2047,6874,8726,940,4158,2609,3044,2083,613,2107,3870,2134,3431,2309,3270,3776,1646,4244,4537,2417,3510,977,3350,1345,1702,3999,1641,1412,9233,11159,1459,6680,8404,1807,17472
Psylocke,5884,7589,29151,4376,4716,17341,1632,7920,4283,5138,3166,1497,4286,7799,3873,6886,3027,5791,7520,2550,4537,7433,4345,6020,1403,6703,2476,2782,7498,2691,3090,14304,19232,3013,11657,15687,3593,31586
Scarlet Witch,3632,6295,14777,2329,2655,8186,1067,4753,3032,3279,2244,592,2100,3909,2373,4089,1914,4097,4382,1591,2417,4345,4290,3861,1074,3384,1559,1410,4186,1718,1417,10142,11291,1529,6766,7322,1826,17214
Spider Man,4541,5826,18940,3052,2776,9782,1579,7891,3824,5935,2447,1077,2420,4649,2659,5333,1431,5103,6234,1224,3510,6020,3861,5436,873,5053,1402,1584,5657,2115,2654,12411,13704,2213,8987,8881,2671,22822
Squirrel Girl,1087,1885,5307,1298,982,2938,444,1750,1024,809,649,227,907,1552,548,1177,506,1303,1630,751,977,1403,1074,873,1496,1106,420,622,1595,576,487,3441,3975,482,2502,2452,613,5995
Star Lord,4557,5938,20796,3532,3594,12670,1351,5812,3401,4225,2582,940,2868,5204,3695,5053,2653,4534,5584,2067,3350,6703,3384,5053,1106,5659,2233,2169,5397,2097,2559,11421,14563,2231,8723,11196,2840,23306
Storm,1886,2815,8526,1652,1443,5351,544,2230,1535,1300,980,378,1225,2444,1865,2079,1163,1801,2285,752,1345,2476,1559,1402,420,2233,2386,1322,2338,864,947,5013,6450,819,3553,4549,1016,9750
The Punisher,1762,2704,8801,2475,1958,6325,672,2452,1500,1414,886,410,1334,2420,2329,1875,1651,1592,2501,1194,1702,2782,1410,1584,622,2169,1322,2574,2338,841,902,4704,6873,790,3766,4760,1002,11440
Winter Soldier,5275,7442,23835,4491,4373,13687,1731,7208,4248,4747,3335,1005,3355,6374,3049,6032,2687,6101,6543,2567,3999,7498,4186,5657,1595,5397,2338,2338,6534,2472,2253,13888,17224,2262,10395,12261,2917,27024
Wolverine,2348,2812,8338,2477,1932,5096,716,3325,1945,2082,999,288,1241,2320,1040,2110,1056,2084,2607,958,1641,2691,1718,2115,576,2097,864,841,2472,2568,793,5352,6801,874,4058,4597,1019,10760
Adam Warlock,2015,2626,8801,1387,1551,5674,604,2437,1472,2191,1435,474,1372,2518,1599,2420,1079,1940,2230,832,1412,3090,1417,2654,487,2559,947,902,2253,793,2548,4823,6442,1153,3825,5337,1673,9863
Cloak & Dagger,12268,17163,50300,8469,9791,25997,3832,16977,10136,10403,7562,2091,6892,13254,7487,13403,6295,13530,15138,5261,9233,14304,10142,12411,3441,11421,5013,4704,13888,5352,4823,13503,37214,5087,22084,23486,6257,54526
Invisible Woman,13377,19988,62340,10689,11840,36137,4184,19953,11226,11660,7532,2848,9272,17741,10284,15246,7416,14830,17234,6345,11159,19232,11291,13704,3975,14563,6450,6873,17224,6801,6442,37214,16347,6080,26629,31285,7916,67860
Jeff The Land Shark,2076,2590,8735,1596,1632,5018,581,2668,1543,1823,1240,404,1326,2592,1342,2506,1070,2185,2451,785,1459,3013,1529,2213,482,2231,819,790,2262,874,1153,5087,6080,2486,3912,4921,1310,9691
Loki,8771,12050,37909,6583,7194,22130,2523,12020,6879,7616,5210,1661,5451,11422,5018,9868,4383,9008,10667,4251,6680,11657,6766,8987,2502,8723,3553,3766,10395,4058,3825,22084,26629,3912,10229,19180,4682,40494
Luna Snow,8941,13006,44821,8038,8791,28105,2895,13085,7328,7750,4650,2245,6947,13374,7177,12364,5260,8941,11667,4307,8404,15687,7322,8881,2452,11196,4549,4760,12261,4597,5337,23486,31285,4921,19180,11829,6093,47601
Mantis,2412,3381,10772,1751,1923,6566,748,3203,1786,2427,1557,696,1711,3212,1688,2874,1178,2424,2879,1012,1807,3593,1826,2671,613,2840,1016,1002,2917,1019,1673,6257,7916,1310,4682,6093,3057,11677
Rocket Raccoon,22174,30417,98598,16917,18633,57298,6494,31049,17628,19160,11759,4693,14548,27879,15005,25311,11561,23161,27386,9721,17472,31586,17214,22822,5995,23306,9750,11440,27024,10760,9863,54526,67860,9691,40494,47601,11677,24553
